Data sources for indices:
ERSST.V6 :
Huang, B., X. Yin, T. Boyer, C. Liu, M. Menne, Y. D. Rao, T. Smith, R. Vose, H.-M. Zhang, 2025: Extended Reconstructed Sea Surface Temperature Version 6 (ERSSTv6): Part I. An Artificial Neural Network Approach. J. Climate, 38, 1105-1121. https://doi.org/10.1175/JCLI-D-23-0707.1
Huang, B., X. Yin, T. Boyer, C. Liu, M. Menne, Y. D. Rao, T. Smith, R. Vose, H.-M. Zhang, 2025: Extended Reconstructed Sea Surface Temperature Version 6 (ERSSTv6): Part II. Upgrades on Quality Control and Large-scale Filter. J. Climate, 38, 1123-1136. https://doi.org/10.1175/JCLI-D-24-0185.1

Climatology : 1991-2020

WTIO  : SSTA averaged in [50ºE-70ºE, 10ºS-10ºN]
SETIO : SSTA averaged in [90ºE-110ºE, 10ºS-0]
DMI  = WTIO - SETIO

  Year   Month     WTIO      SETIO       DMI

  1950     1      -0.76      -0.99       0.23
  1950     2      -1.04      -0.63      -0.41
  1950     3      -0.87      -0.40      -0.47
  1950     4      -1.11      -0.89      -0.23
  1950     5      -0.91      -0.98       0.07
  1950     6      -1.07      -0.73      -0.34
  1950     7      -0.97      -0.92      -0.05
  1950     8      -0.99      -0.92      -0.07
  1950     9      -1.14      -0.63      -0.51
  1950    10      -0.96      -0.79      -0.17
  1950    11      -1.14      -1.18       0.04
  1950    12      -1.14      -1.31       0.17
  1951     1      -1.04      -1.41       0.37
  1951     2      -0.79      -1.37       0.57
  1951     3      -0.70      -1.22       0.52
  1951     4      -1.06      -0.93      -0.13
  1951     5      -0.85      -0.99       0.14
  1951     6      -0.63      -0.64       0.01
  1951     7      -0.75      -0.70      -0.05
  1951     8      -0.57      -0.83       0.26
  1951     9      -0.48      -0.76       0.28
  1951    10      -0.64      -0.77       0.13
  1951    11      -0.52      -0.78       0.26
  1951    12      -0.41      -0.66       0.24
  1952     1      -0.72      -0.69      -0.02
  1952     2      -0.37      -0.74       0.37
  1952     3      -0.48      -0.63       0.15
  1952     4      -0.46      -0.77       0.31
  1952     5      -0.59      -0.84       0.25
  1952     6      -0.88      -0.77      -0.10
  1952     7      -0.96      -0.90      -0.06
  1952     8      -0.98      -0.60      -0.38
  1952     9      -0.92      -0.41      -0.51
  1952    10      -1.12      -0.49      -0.63
  1952    11      -0.88      -0.83      -0.05
  1952    12      -0.75      -1.02       0.27
  1953     1      -0.51      -1.19       0.68
  1953     2      -0.59      -0.99       0.40
  1953     3      -0.43      -0.71       0.28
  1953     4      -0.59      -0.59       0.00
  1953     5      -0.34      -0.96       0.62
  1953     6      -0.58      -0.80       0.22
  1953     7      -0.80      -0.70      -0.10
  1953     8      -0.87      -0.97       0.09
  1953     9      -0.76      -1.16       0.40
  1953    10      -0.99      -0.91      -0.08
  1953    11      -0.64      -0.83       0.19
  1953    12      -0.43      -0.46       0.03
  1954     1      -0.84      -0.60      -0.25
  1954     2      -0.54      -0.37      -0.17
  1954     3      -0.72      -0.50      -0.23
  1954     4      -0.76      -0.94       0.18
  1954     5      -0.78      -0.72      -0.06
  1954     6      -0.90      -0.91       0.01
  1954     7      -1.17      -0.70      -0.46
  1954     8      -1.12      -0.88      -0.24
  1954     9      -1.27      -0.80      -0.47
  1954    10      -1.42      -0.85      -0.57
  1954    11      -1.14      -1.02      -0.12
  1954    12      -1.15      -1.29       0.14
  1955     1      -0.54      -0.40      -0.14
  1955     2      -1.01      -0.98      -0.04
  1955     3      -0.76      -1.06       0.30
  1955     4      -0.91      -0.82      -0.09
  1955     5      -1.29      -0.90      -0.39
  1955     6      -1.23      -0.99      -0.24
  1955     7      -1.08      -0.78      -0.30
  1955     8      -0.81      -0.62      -0.19
  1955     9      -0.98      -0.53      -0.45
  1955    10      -1.19      -0.66      -0.53
  1955    11      -1.07      -1.04      -0.03
  1955    12      -0.97      -0.83      -0.15
  1956     1      -0.85      -0.93       0.08
  1956     2      -0.90      -1.12       0.22
  1956     3      -0.78      -0.90       0.12
  1956     4      -0.90      -0.61      -0.30
  1956     5      -1.23      -0.85      -0.37
  1956     6      -1.24      -0.82      -0.42
  1956     7      -1.21      -0.56      -0.65
  1956     8      -1.09      -0.69      -0.40
  1956     9      -1.16      -0.66      -0.49
  1956    10      -1.20      -0.60      -0.60
  1956    11      -1.08      -0.58      -0.49
  1956    12      -0.94      -0.57      -0.37
  1957     1      -0.91      -0.50      -0.42
  1957     2      -0.89      -0.59      -0.30
  1957     3      -0.77      -0.52      -0.25
  1957     4      -0.61      -0.62       0.01
  1957     5      -0.33      -0.30      -0.04
  1957     6      -0.73      -0.40      -0.33
  1957     7      -0.67      -0.39      -0.28
  1957     8      -0.70      -0.54      -0.16
  1957     9      -0.76      -0.73      -0.02
  1957    10      -0.80      -0.52      -0.29
  1957    11      -0.78      -0.13      -0.66
  1957    12      -0.69      -0.28      -0.41
  1958     1      -0.41      -0.09      -0.32
  1958     2      -0.33      -0.27      -0.06
  1958     3      -0.53      -0.37      -0.16
  1958     4      -0.47      -0.33      -0.14
  1958     5      -0.79      -0.42      -0.37
  1958     6      -0.88      -0.05      -0.84
  1958     7      -0.66       0.18      -0.84
  1958     8      -0.61       0.07      -0.68
  1958     9      -0.76       0.32      -1.08
  1958    10      -0.69      -0.08      -0.61
  1958    11      -0.73      -0.12      -0.61
  1958    12      -0.53      -0.13      -0.39
  1959     1      -0.23      -0.41       0.18
  1959     2      -0.28      -0.11      -0.16
  1959     3      -0.42      -0.09      -0.32
  1959     4      -0.66      -0.31      -0.35
  1959     5      -0.74      -0.23      -0.52
  1959     6      -0.83      -0.42      -0.41
  1959     7      -1.02      -0.49      -0.53
  1959     8      -0.83      -0.25      -0.58
  1959     9      -0.79      -0.43      -0.36
  1959    10      -0.80      -0.38      -0.42
  1959    11      -0.62      -0.35      -0.27
  1959    12      -0.61      -0.39      -0.22
  1960     1      -0.55      -0.51      -0.03
  1960     2      -0.51      -0.76       0.25
  1960     3      -0.46      -0.32      -0.14
  1960     4      -0.62       0.05      -0.67
  1960     5      -0.73      -0.11      -0.62
  1960     6      -0.87      -0.46      -0.42
  1960     7      -0.82      -0.33      -0.49
  1960     8      -0.87      -0.36      -0.51
  1960     9      -0.83      -0.45      -0.38
  1960    10      -1.03      -0.21      -0.82
  1960    11      -1.19      -0.58      -0.61
  1960    12      -0.72      -0.19      -0.53
  1961     1      -0.58      -0.60       0.01
  1961     2      -0.55      -0.68       0.13
  1961     3      -0.56      -0.66       0.10
  1961     4      -0.51      -0.38      -0.13
  1961     5      -0.85      -0.80      -0.05
  1961     6      -0.61      -0.83       0.22
  1961     7      -0.34      -1.13       0.79
  1961     8      -0.38      -1.29       0.91
  1961     9      -0.39      -1.46       1.06
  1961    10      -0.40      -1.12       0.72
  1961    11      -0.49      -1.10       0.61
  1961    12      -0.33      -0.83       0.51
  1962     1      -0.38      -1.04       0.67
  1962     2      -0.52      -1.15       0.63
  1962     3      -0.41      -0.78       0.37
  1962     4      -0.60      -0.77       0.17
  1962     5      -0.78      -0.71      -0.07
  1962     6      -0.81      -0.51      -0.30
  1962     7      -0.53      -0.42      -0.11
  1962     8      -0.54      -0.40      -0.14
  1962     9      -0.55      -0.63       0.08
  1962    10      -0.57      -0.58       0.01
  1962    11      -0.67      -0.68       0.01
  1962    12      -0.55      -0.58       0.03
  1963     1      -0.45      -0.90       0.46
  1963     2      -0.51      -1.11       0.60
  1963     3      -0.56      -0.94       0.38
  1963     4      -0.63      -0.79       0.16
  1963     5      -0.79      -0.33      -0.47
  1963     6      -0.66      -0.72       0.06
  1963     7      -0.50      -0.80       0.30
  1963     8      -0.45      -1.19       0.74
  1963     9      -0.47      -1.17       0.71
  1963    10      -0.36      -0.86       0.50
  1963    11      -0.27      -0.94       0.67
  1963    12      -0.28      -0.54       0.26
  1964     1      -0.20       0.01      -0.22
  1964     2      -0.20       0.14      -0.34
  1964     3      -0.30      -0.37       0.07
  1964     4      -0.11      -0.39       0.27
  1964     5      -0.87      -0.72      -0.15
  1964     6      -0.73      -0.60      -0.13
  1964     7      -0.89      -0.46      -0.44
  1964     8      -0.98      -0.51      -0.47
  1964     9      -1.08      -0.30      -0.78
  1964    10      -1.00      -0.36      -0.65
  1964    11      -1.13      -1.19       0.06
  1964    12      -0.91      -0.93       0.02
  1965     1      -0.90      -0.63      -0.27
  1965     2      -0.80      -0.41      -0.39
  1965     3      -0.91      -1.05       0.14
  1965     4      -0.80      -0.75      -0.05
  1965     5      -1.14      -0.83      -0.30
  1965     6      -1.00      -0.69      -0.31
  1965     7      -0.77      -0.59      -0.18
  1965     8      -0.66      -0.76       0.10
  1965     9      -0.66      -0.65      -0.02
  1965    10      -0.56      -1.01       0.46
  1965    11      -0.63      -0.76       0.13
  1965    12      -0.70      -0.48      -0.22
  1966     1      -0.48      -0.42      -0.06
  1966     2      -0.14      -0.15       0.01
  1966     3      -0.53      -0.39      -0.14
  1966     4      -0.59      -0.63       0.04
  1966     5      -0.83      -0.66      -0.18
  1966     6      -0.61      -0.77       0.16
  1966     7      -0.42      -0.71       0.29
  1966     8      -0.55      -0.94       0.38
  1966     9      -0.41      -0.77       0.36
  1966    10      -0.56      -0.51      -0.05
  1966    11      -0.68      -0.46      -0.22
  1966    12      -0.78      -0.66      -0.11
  1967     1      -1.02      -1.09       0.08
  1967     2      -1.03      -1.03       0.00
  1967     3      -0.61      -1.17       0.56
  1967     4      -0.66      -0.76       0.11
  1967     5      -0.56      -0.80       0.24
  1967     6      -0.48      -0.92       0.44
  1967     7      -0.64      -1.21       0.56
  1967     8      -0.71      -0.96       0.25
  1967     9      -0.69      -1.15       0.46
  1967    10      -0.44      -0.87       0.43
  1967    11      -0.49      -0.73       0.24
  1967    12      -0.54      -0.62       0.09
  1968     1      -0.73      -0.99       0.26
  1968     2      -0.55      -0.99       0.44
  1968     3      -0.67      -0.91       0.23
  1968     4      -0.60      -0.76       0.16
  1968     5      -0.67      -0.72       0.06
  1968     6      -0.41      -0.64       0.23
  1968     7      -0.55      -0.60       0.05
  1968     8      -0.45      -0.28      -0.17
  1968     9      -0.55      -0.13      -0.41
  1968    10      -0.45      -0.44      -0.01
  1968    11      -0.58      -0.26      -0.32
  1968    12      -0.59      -0.26      -0.33
  1969     1      -0.23      -0.27       0.05
  1969     2      -0.18      -0.27       0.09
  1969     3      -0.05      -0.23       0.18
  1969     4      -0.08      -0.20       0.12
  1969     5      -0.16      -0.32       0.16
  1969     6      -0.71      -0.40      -0.30
  1969     7      -0.55      -0.40      -0.16
  1969     8      -0.54      -0.37      -0.17
  1969     9      -0.57      -0.52      -0.05
  1969    10      -0.22      -0.54       0.32
  1969    11      -0.32      -0.44       0.13
  1969    12      -0.27      -0.27       0.00
  1970     1       0.10      -0.32       0.42
  1970     2      -0.02      -0.51       0.49
  1970     3      -0.06      -0.24       0.18
  1970     4      -0.02      -0.32       0.29
  1970     5      -0.26      -0.70       0.44
  1970     6      -0.59      -0.42      -0.18
  1970     7      -0.41      -0.24      -0.17
  1970     8      -0.40      -0.28      -0.11
  1970     9      -0.62      -0.26      -0.36
  1970    10      -0.70      -0.24      -0.47
  1970    11      -0.61      -0.38      -0.23
  1970    12      -0.84      -0.73      -0.11
  1971     1      -0.69      -0.93       0.23
  1971     2      -1.04      -1.18       0.14
  1971     3      -0.94      -1.35       0.41
  1971     4      -0.45      -0.92       0.47
  1971     5      -0.70      -0.98       0.27
  1971     6      -0.69      -0.77       0.08
  1971     7      -0.64      -0.70       0.06
  1971     8      -0.75      -0.34      -0.41
  1971     9      -0.84      -0.33      -0.52
  1971    10      -0.98      -0.34      -0.64
  1971    11      -0.62      -0.73       0.11
  1971    12      -0.54      -0.93       0.38
  1972     1      -0.40      -0.64       0.25
  1972     2      -0.48      -0.52       0.04
  1972     3      -0.72      -0.90       0.17
  1972     4      -0.54      -0.74       0.20
  1972     5      -0.30      -0.73       0.44
  1972     6      -0.01      -1.04       1.03
  1972     7      -0.05      -0.83       0.78
  1972     8       0.01      -0.55       0.57
  1972     9       0.10      -0.51       0.61
  1972    10       0.09      -0.67       0.76
  1972    11       0.19      -0.71       0.91
  1972    12       0.10      -0.20       0.30
  1973     1       0.07      -0.18       0.25
  1973     2      -0.08      -0.18       0.11
  1973     3      -0.09      -0.36       0.27
  1973     4       0.07      -0.03       0.09
  1973     5      -0.21      -0.49       0.28
  1973     6      -0.38      -0.36      -0.02
  1973     7      -0.22      -0.01      -0.21
  1973     8      -0.40       0.04      -0.44
  1973     9      -0.24       0.09      -0.33
  1973    10      -0.34      -0.23      -0.10
  1973    11      -0.48      -0.38      -0.10
  1973    12      -0.71      -0.68      -0.02
  1974     1      -0.73      -1.11       0.39
  1974     2      -0.81      -1.07       0.26
  1974     3      -0.68      -1.22       0.54
  1974     4      -0.77      -0.90       0.13
  1974     5      -0.73      -0.75       0.03
  1974     6      -0.40      -0.76       0.36
  1974     7      -0.47      -0.43      -0.05
  1974     8      -0.55      -0.34      -0.21
  1974     9      -0.69      -0.22      -0.48
  1974    10      -0.77      -0.33      -0.44
  1974    11      -0.88      -0.60      -0.28
  1974    12      -0.69      -0.47      -0.21
  1975     1      -0.88      -0.44      -0.44
  1975     2      -0.58      -0.60       0.02
  1975     3      -0.94      -0.71      -0.23
  1975     4      -0.70      -0.99       0.29
  1975     5      -0.63      -0.77       0.14
  1975     6      -0.38      -0.83       0.45
  1975     7      -0.11      -0.50       0.38
  1975     8      -0.63      -0.37      -0.26
  1975     9      -0.75      -0.14      -0.62
  1975    10      -1.21      -0.22      -0.99
  1975    11      -1.00      -0.69      -0.31
  1975    12      -1.02      -0.95      -0.07
  1976     1      -0.96      -0.99       0.03
  1976     2      -0.62      -0.72       0.11
  1976     3      -0.86      -0.97       0.11
  1976     4      -0.78      -0.78      -0.00
  1976     5      -0.70      -0.85       0.15
  1976     6      -0.45      -0.94       0.49
  1976     7      -0.32      -1.07       0.76
  1976     8      -0.49      -0.81       0.32
  1976     9      -0.71      -0.69      -0.01
  1976    10      -0.65      -0.38      -0.27
  1976    11      -0.60      -0.43      -0.17
  1976    12      -0.61      -0.71       0.10
  1977     1      -0.40      -0.47       0.07
  1977     2      -0.62      -0.56      -0.05
  1977     3      -0.51      -0.81       0.30
  1977     4      -0.37      -0.39       0.02
  1977     5      -0.53      -0.38      -0.16
  1977     6      -0.34      -0.38       0.04
  1977     7      -0.31      -0.44       0.13
  1977     8      -0.30      -0.30      -0.00
  1977     9      -0.32      -0.52       0.20
  1977    10      -0.25      -0.84       0.59
  1977    11      -0.16      -0.45       0.29
  1977    12      -0.15      -0.25       0.10
  1978     1      -0.24       0.08      -0.33
  1978     2      -0.20       0.04      -0.24
  1978     3      -0.36      -0.10      -0.25
  1978     4      -0.41      -0.38      -0.03
  1978     5      -0.80      -0.45      -0.36
  1978     6      -0.70      -0.81       0.11
  1978     7      -0.52      -0.48      -0.04
  1978     8      -0.45      -0.47       0.02
  1978     9      -0.43      -0.66       0.22
  1978    10      -0.57      -0.60       0.04
  1978    11      -0.52      -0.42      -0.10
  1978    12      -0.52      -0.17      -0.34
  1979     1       0.10      -0.38       0.48
  1979     2      -0.02      -0.15       0.12
  1979     3      -0.19      -0.32       0.13
  1979     4      -0.23      -0.23       0.00
  1979     5      -0.27      -0.04      -0.23
  1979     6      -0.23      -0.51       0.28
  1979     7      -0.49      -0.51       0.02
  1979     8      -0.65      -0.64      -0.01
  1979     9      -0.46      -0.47       0.01
  1979    10      -0.59      -0.40      -0.19
  1979    11      -0.54      -0.29      -0.25
  1979    12      -0.34      -0.28      -0.06
  1980     1      -0.31      -0.42       0.10
  1980     2      -0.29      -0.42       0.12
  1980     3      -0.59      -0.37      -0.22
  1980     4      -0.29      -0.48       0.19
  1980     5      -0.03      -0.24       0.21
  1980     6      -0.57      -0.25      -0.31
  1980     7      -0.40      -0.18      -0.22
  1980     8      -0.28      -0.02      -0.26
  1980     9      -0.40       0.04      -0.44
  1980    10      -0.32       0.01      -0.33
  1980    11      -0.36       0.11      -0.47
  1980    12      -0.34       0.03      -0.37
  1981     1      -0.36      -0.28      -0.08
  1981     2      -0.20      -0.43       0.23
  1981     3      -0.05      -0.13       0.08
  1981     4      -0.31      -0.62       0.30
  1981     5      -0.44      -0.64       0.21
  1981     6      -0.38      -0.28      -0.10
  1981     7      -0.31       0.12      -0.43
  1981     8      -0.48      -0.20      -0.29
  1981     9      -0.57      -0.09      -0.48
  1981    10      -0.16       0.12      -0.28
  1981    11      -0.37      -0.38       0.01
  1981    12      -0.41      -0.41      -0.00
  1982     1      -0.22      -0.44       0.22
  1982     2      -0.28      -0.62       0.34
  1982     3      -0.34      -0.60       0.26
  1982     4      -0.18      -0.45       0.27
  1982     5      -0.10      -0.59       0.49
  1982     6      -0.16      -0.54       0.38
  1982     7      -0.05      -0.57       0.51
  1982     8      -0.00      -0.57       0.57
  1982     9      -0.01      -0.54       0.53
  1982    10       0.18      -0.74       0.92
  1982    11       0.08      -0.50       0.58
  1982    12       0.04       0.23      -0.18
  1983     1      -0.13       0.17      -0.30
  1983     2       0.08       0.43      -0.35
  1983     3      -0.11       0.51      -0.62
  1983     4      -0.02       0.49      -0.52
  1983     5      -0.05       0.09      -0.15
  1983     6       0.33       0.05       0.28
  1983     7       0.46      -0.28       0.75
  1983     8       0.21      -0.26       0.47
  1983     9      -0.02      -0.20       0.19
  1983    10      -0.33      -0.17      -0.16
  1983    11      -0.25      -0.02      -0.23
  1983    12      -0.35      -0.24      -0.12
  1984     1      -0.55      -0.52      -0.04
  1984     2      -0.82      -0.72      -0.10
  1984     3      -0.58      -0.54      -0.04
  1984     4      -0.35      -0.61       0.26
  1984     5      -0.94      -0.55      -0.39
  1984     6      -0.91      -0.63      -0.28
  1984     7      -0.78      -0.39      -0.39
  1984     8      -0.79      -0.30      -0.49
  1984     9      -0.60      -0.22      -0.38
  1984    10      -0.65      -0.20      -0.45
  1984    11      -0.47      -0.32      -0.15
  1984    12      -0.55      -0.37      -0.17
  1985     1      -0.39      -0.10      -0.29
  1985     2      -0.47      -0.23      -0.24
  1985     3      -0.64      -0.47      -0.17
  1985     4      -0.44      -0.38      -0.07
  1985     5      -0.54      -0.74       0.20
  1985     6      -0.93      -0.48      -0.44
  1985     7      -0.53      -0.32      -0.21
  1985     8      -0.49      -0.45      -0.04
  1985     9      -0.47      -0.51       0.04
  1985    10      -0.70      -0.43      -0.27
  1985    11      -0.37      -0.66       0.28
  1985    12      -0.40      -0.44       0.04
  1986     1      -0.61      -0.58      -0.03
  1986     2      -0.36      -0.40       0.04
  1986     3      -0.50      -0.47      -0.03
  1986     4      -0.40      -0.39      -0.01
  1986     5      -0.26      -0.26       0.00
  1986     6      -0.37      -0.18      -0.19
  1986     7      -0.43      -0.01      -0.42
  1986     8      -0.36      -0.35      -0.01
  1986     9      -0.43      -0.56       0.12
  1986    10      -0.38      -0.34      -0.05
  1986    11       0.07      -0.06       0.13
  1986    12      -0.17       0.15      -0.32
  1987     1      -0.20      -0.13      -0.07
  1987     2      -0.15      -0.04      -0.12
  1987     3       0.10      -0.01       0.11
  1987     4       0.00       0.08      -0.08
  1987     5       0.23      -0.02       0.25
  1987     6       0.02      -0.25       0.27
  1987     7       0.20      -0.02       0.22
  1987     8       0.28      -0.14       0.42
  1987     9       0.33      -0.07       0.40
  1987    10       0.12      -0.27       0.39
  1987    11      -0.01       0.01      -0.01
  1987    12      -0.02      -0.09       0.08
  1988     1       0.28      -0.11       0.39
  1988     2       0.25       0.22       0.03
  1988     3       0.12       0.25      -0.12
  1988     4       0.04      -0.07       0.12
  1988     5      -0.38       0.06      -0.44
  1988     6      -0.30      -0.01      -0.29
  1988     7      -0.15      -0.10      -0.06
  1988     8       0.14       0.19      -0.06
  1988     9      -0.02       0.34      -0.36
  1988    10      -0.16       0.32      -0.48
  1988    11      -0.22       0.09      -0.31
  1988    12      -0.14      -0.39       0.25
  1989     1      -0.42      -0.03      -0.39
  1989     2      -0.43      -0.49       0.05
  1989     3      -0.49      -0.42      -0.07
  1989     4      -0.59      -0.32      -0.26
  1989     5      -0.49      -0.18      -0.31
  1989     6      -0.75      -0.08      -0.67
  1989     7      -0.26      -0.07      -0.18
  1989     8      -0.32      -0.08      -0.24
  1989     9      -0.20      -0.02      -0.17
  1989    10      -0.31       0.25      -0.57
  1989    11      -0.18       0.03      -0.21
  1989    12      -0.22       0.02      -0.25
  1990     1      -0.11      -0.24       0.13
  1990     2       0.24       0.32      -0.08
  1990     3      -0.08      -0.12       0.04
  1990     4      -0.15       0.05      -0.20
  1990     5      -0.30       0.19      -0.50
  1990     6      -0.55      -0.10      -0.45
  1990     7      -0.14      -0.05      -0.09
  1990     8      -0.20       0.14      -0.34
  1990     9      -0.25      -0.04      -0.21
  1990    10      -0.37       0.22      -0.59
  1990    11      -0.26       0.05      -0.31
  1990    12      -0.04      -0.09       0.06
  1991     1       0.04      -0.16       0.20
  1991     2      -0.02      -0.16       0.14
  1991     3       0.04      -0.10       0.14
  1991     4       0.16      -0.40       0.57
  1991     5       0.18      -0.27       0.45
  1991     6       0.01      -0.55       0.56
  1991     7      -0.07      -0.06      -0.00
  1991     8      -0.30      -0.07      -0.24
  1991     9      -0.07      -0.19       0.12
  1991    10      -0.13      -0.14       0.00
  1991    11      -0.21      -0.32       0.11
  1991    12      -0.31      -0.57       0.26
  1992     1      -0.20       0.14      -0.34
  1992     2      -0.31       0.21      -0.51
  1992     3      -0.44       0.27      -0.71
  1992     4      -0.46       0.05      -0.51
  1992     5      -0.23       0.16      -0.40
  1992     6      -0.25       0.53      -0.78
  1992     7      -0.10       0.57      -0.67
  1992     8      -0.51       0.37      -0.88
  1992     9      -0.54       0.22      -0.76
  1992    10      -0.45       0.17      -0.62
  1992    11      -0.27      -0.10      -0.18
  1992    12      -0.44      -0.22      -0.22
  1993     1      -0.37      -0.25      -0.13
  1993     2      -0.25      -0.47       0.22
  1993     3      -0.39      -0.11      -0.28
  1993     4      -0.51      -0.35      -0.16
  1993     5      -0.09      -0.22       0.14
  1993     6      -0.20      -0.13      -0.06
  1993     7      -0.22      -0.36       0.14
  1993     8      -0.32      -0.20      -0.12
  1993     9      -0.43      -0.07      -0.36
  1993    10      -0.51      -0.32      -0.19
  1993    11      -0.33      -0.13      -0.20
  1993    12      -0.37      -0.31      -0.06
  1994     1      -0.14      -0.34       0.19
  1994     2      -0.40      -0.27      -0.13
  1994     3      -0.51      -0.53       0.02
  1994     4      -0.19      -0.91       0.71
  1994     5      -0.04      -0.84       0.79
  1994     6      -0.42      -0.94       0.52
  1994     7      -0.17      -0.84       0.67
  1994     8      -0.22      -1.08       0.86
  1994     9      -0.47      -1.04       0.58
  1994    10       0.16      -0.84       1.01
  1994    11      -0.18      -0.25       0.07
  1994    12      -0.10      -0.40       0.30
  1995     1      -0.22      -0.36       0.15
  1995     2      -0.02      -0.52       0.50
  1995     3      -0.22      -0.39       0.17
  1995     4      -0.22      -0.29       0.07
  1995     5      -0.26       0.02      -0.28
  1995     6      -0.18       0.04      -0.22
  1995     7      -0.10       0.37      -0.47
  1995     8      -0.32       0.13      -0.45
  1995     9      -0.31      -0.02      -0.29
  1995    10      -0.22       0.15      -0.37
  1995    11      -0.42       0.08      -0.51
  1995    12      -0.40      -0.32      -0.08
  1996     1      -0.03      -0.20       0.17
  1996     2      -0.18      -0.38       0.20
  1996     3      -0.21      -0.26       0.04
  1996     4      -0.51      -0.12      -0.39
  1996     5      -0.57      -0.32      -0.25
  1996     6      -0.51       0.12      -0.63
  1996     7      -0.47       0.24      -0.71
  1996     8      -0.51       0.31      -0.83
  1996     9      -0.55       0.29      -0.84
  1996    10      -0.81       0.43      -1.24
  1996    11      -0.73       0.31      -1.04
  1996    12      -0.40      -0.03      -0.36
  1997     1      -0.43      -0.52       0.09
  1997     2      -0.59      -0.77       0.18
  1997     3      -0.23      -0.43       0.19
  1997     4      -0.28      -0.27      -0.01
  1997     5      -0.35      -0.38       0.03
  1997     6      -0.05       0.05      -0.10
  1997     7      -0.06      -0.61       0.55
  1997     8       0.05      -0.49       0.54
  1997     9       0.20      -0.53       0.73
  1997    10       0.21      -0.73       0.94
  1997    11       0.41      -0.98       1.39
  1997    12       0.45      -0.66       1.12
  1998     1       0.77       0.01       0.75
  1998     2       0.89       0.26       0.63
  1998     3       0.55       0.63      -0.08
  1998     4       0.55       0.70      -0.15
  1998     5       0.50       0.25       0.25
  1998     6       0.48       0.39       0.09
  1998     7       0.11       0.59      -0.48
  1998     8      -0.01       0.69      -0.70
  1998     9      -0.13       0.29      -0.42
  1998    10      -0.12       0.51      -0.63
  1998    11      -0.37       0.34      -0.71
  1998    12      -0.33      -0.20      -0.13
  1999     1      -0.43      -0.09      -0.34
  1999     2      -0.29      -0.29       0.01
  1999     3      -0.21      -0.15      -0.05
  1999     4      -0.29      -0.13      -0.15
  1999     5      -0.59      -0.26      -0.33
  1999     6      -0.30      -0.23      -0.06
  1999     7      -0.11      -0.29       0.18
  1999     8      -0.26      -0.30       0.04
  1999     9      -0.08      -0.12       0.05
  1999    10      -0.38      -0.24      -0.14
  1999    11      -0.18      -0.08      -0.09
  1999    12      -0.19      -0.13      -0.06
  2000     1      -0.17      -0.07      -0.10
  2000     2      -0.19      -0.44       0.25
  2000     3      -0.06      -0.57       0.51
  2000     4      -0.17      -0.30       0.13
  2000     5      -0.31      -0.42       0.11
  2000     6      -0.46      -0.46      -0.01
  2000     7      -0.20      -0.40       0.20
  2000     8      -0.06       0.10      -0.16
  2000     9       0.01       0.16      -0.16
  2000    10      -0.20       0.14      -0.34
  2000    11      -0.09       0.04      -0.14
  2000    12      -0.18      -0.21       0.03
  2001     1      -0.53      -0.29      -0.24
  2001     2      -0.28      -0.45       0.17
  2001     3       0.05      -0.35       0.40
  2001     4      -0.05      -0.26       0.21
  2001     5       0.07      -0.00       0.08
  2001     6      -0.07       0.12      -0.19
  2001     7      -0.26       0.15      -0.42
  2001     8      -0.23      -0.01      -0.22
  2001     9      -0.22       0.19      -0.40
  2001    10      -0.29       0.29      -0.58
  2001    11      -0.17       0.02      -0.19
  2001    12       0.06       0.08      -0.02
  2002     1      -0.09       0.30      -0.39
  2002     2       0.04      -0.14       0.18
  2002     3       0.02       0.10      -0.08
  2002     4      -0.03       0.27      -0.30
  2002     5      -0.25       0.02      -0.27
  2002     6      -0.18      -0.03      -0.15
  2002     7      -0.08      -0.01      -0.07
  2002     8      -0.14       0.12      -0.26
  2002     9       0.31      -0.07       0.37
  2002    10       0.15      -0.27       0.43
  2002    11       0.05      -0.20       0.25
  2002    12       0.15       0.35      -0.20
  2003     1       0.07       0.34      -0.27
  2003     2       0.23       0.29      -0.05
  2003     3       0.05      -0.02       0.07
  2003     4       0.16       0.23      -0.08
  2003     5       0.09       0.11      -0.02
  2003     6       0.24      -0.11       0.35
  2003     7       0.10      -0.19       0.29
  2003     8      -0.12      -0.22       0.10
  2003     9      -0.05       0.22      -0.27
  2003    10      -0.11      -0.10      -0.01
  2003    11      -0.23      -0.08      -0.14
  2003    12      -0.16      -0.47       0.32
  2004     1       0.09       0.24      -0.15
  2004     2       0.06      -0.02       0.08
  2004     3      -0.23      -0.14      -0.09
  2004     4      -0.12      -0.04      -0.08
  2004     5      -0.67      -0.04      -0.63
  2004     6      -0.54      -0.10      -0.44
  2004     7      -0.40      -0.15      -0.26
  2004     8      -0.11      -0.06      -0.04
  2004     9      -0.07       0.00      -0.07
  2004    10       0.08      -0.03       0.11
  2004    11      -0.09       0.10      -0.19
  2004    12      -0.01       0.26      -0.27
  2005     1      -0.06       0.15      -0.21
  2005     2      -0.08       0.65      -0.73
  2005     3       0.03       0.70      -0.67
  2005     4       0.07       0.05       0.02
  2005     5       0.13       0.00       0.13
  2005     6       0.08       0.24      -0.16
  2005     7      -0.19       0.23      -0.42
  2005     8      -0.15       0.26      -0.42
  2005     9      -0.21       0.47      -0.68
  2005    10      -0.17       0.32      -0.48
  2005    11      -0.18       0.08      -0.25
  2005    12      -0.33       0.06      -0.38
  2006     1      -0.34      -0.29      -0.05
  2006     2      -0.25       0.09      -0.33
  2006     3      -0.25      -0.12      -0.13
  2006     4      -0.11      -0.29       0.17
  2006     5      -0.02       0.08      -0.09
  2006     6      -0.10      -0.11       0.01
  2006     7      -0.16      -0.08      -0.08
  2006     8       0.15      -0.19       0.34
  2006     9       0.04      -0.59       0.64
  2006    10       0.06      -0.61       0.68
  2006    11       0.29      -0.28       0.57
  2006    12       0.24       0.23       0.01
  2007     1       0.30       0.13       0.16
  2007     2       0.29       0.38      -0.10
  2007     3       0.13      -0.19       0.32
  2007     4       0.14      -0.08       0.21
  2007     5       0.24      -0.19       0.43
  2007     6       0.26      -0.06       0.32
  2007     7       0.16      -0.20       0.36
  2007     8       0.25      -0.23       0.48
  2007     9       0.13      -0.30       0.43
  2007    10      -0.08      -0.21       0.13
  2007    11      -0.17      -0.12      -0.04
  2007    12      -0.20       0.08      -0.28
  2008     1      -0.07      -0.15       0.08
  2008     2      -0.46      -0.38      -0.08
  2008     3      -0.60      -0.58      -0.02
  2008     4      -0.61      -0.45      -0.15
  2008     5      -0.47      -0.48       0.01
  2008     6      -0.29      -0.53       0.24
  2008     7      -0.18      -0.60       0.43
  2008     8      -0.20      -0.31       0.11
  2008     9       0.01      -0.09       0.10
  2008    10      -0.16      -0.10      -0.06
  2008    11      -0.08      -0.13       0.05
  2008    12      -0.23      -0.06      -0.18
  2009     1      -0.12      -0.03      -0.09
  2009     2       0.01      -0.34       0.36
  2009     3       0.28      -0.16       0.44
  2009     4      -0.12      -0.17       0.05
  2009     5       0.21       0.12       0.09
  2009     6       0.29       0.27       0.02
  2009     7       0.09       0.54      -0.45
  2009     8       0.22       0.46      -0.23
  2009     9       0.17       0.24      -0.07
  2009    10       0.21       0.44      -0.23
  2009    11       0.20       0.24      -0.04
  2009    12       0.33       0.24       0.08
  2010     1       0.42       0.06       0.36
  2010     2       0.56       0.49       0.07
  2010     3       0.66       0.30       0.36
  2010     4       0.66       0.19       0.47
  2010     5       0.25       0.32      -0.07
  2010     6       0.32       0.20       0.13
  2010     7       0.36       0.26       0.10
  2010     8       0.10       0.27      -0.18
  2010     9      -0.09       0.41      -0.50
  2010    10      -0.23       0.42      -0.64
  2010    11      -0.41       0.30      -0.71
  2010    12      -0.20       0.04      -0.24
  2011     1      -0.26      -0.42       0.16
  2011     2      -0.29      -0.47       0.18
  2011     3      -0.21      -0.51       0.30
  2011     4      -0.38      -0.41       0.03
  2011     5      -0.22      -0.17      -0.05
  2011     6       0.09      -0.13       0.22
  2011     7       0.00      -0.24       0.24
  2011     8       0.17      -0.14       0.31
  2011     9       0.05      -0.36       0.42
  2011    10       0.12      -0.31       0.43
  2011    11       0.22       0.05       0.17
  2011    12       0.15       0.14       0.01
  2012     1       0.05      -0.11       0.16
  2012     2      -0.26       0.01      -0.27
  2012     3      -0.42      -0.44       0.02
  2012     4      -0.40       0.22      -0.63
  2012     5      -0.19       0.49      -0.67
  2012     6      -0.09       0.04      -0.13
  2012     7       0.18      -0.41       0.59
  2012     8       0.45      -0.42       0.87
  2012     9       0.38      -0.30       0.69
  2012    10       0.19       0.12       0.07
  2012    11       0.15       0.16      -0.01
  2012    12       0.32       0.14       0.17
  2013     1       0.19       0.16       0.03
  2013     2       0.22       0.29      -0.07
  2013     3       0.24       0.21       0.03
  2013     4       0.02       0.27      -0.25
  2013     5      -0.25       0.26      -0.50
  2013     6      -0.28       0.09      -0.37
  2013     7      -0.30       0.02      -0.31
  2013     8      -0.16       0.03      -0.19
  2013     9      -0.11       0.14      -0.25
  2013    10       0.03       0.39      -0.35
  2013    11       0.34       0.25       0.09
  2013    12       0.04       0.12      -0.07
  2014     1       0.01       0.13      -0.12
  2014     2      -0.12       0.17      -0.29
  2014     3      -0.11       0.42      -0.54
  2014     4       0.02       0.34      -0.32
  2014     5       0.15       0.28      -0.14
  2014     6       0.19       0.26      -0.07
  2014     7       0.05       0.23      -0.18
  2014     8      -0.03       0.24      -0.27
  2014     9       0.03       0.23      -0.20
  2014    10       0.19       0.04       0.15
  2014    11       0.23       0.00       0.22
  2014    12       0.15       0.23      -0.08
  2015     1      -0.22       0.14      -0.36
  2015     2      -0.14       0.48      -0.62
  2015     3       0.03       0.59      -0.55
  2015     4       0.22       0.47      -0.25
  2015     5       0.39       0.37       0.02
  2015     6       0.40       0.34       0.06
  2015     7       0.43       0.38       0.05
  2015     8       0.58       0.13       0.45
  2015     9       0.66       0.18       0.47
  2015    10       0.64       0.22       0.42
  2015    11       0.61       0.33       0.28
  2015    12       0.73       0.65       0.07
  2016     1       0.75       0.90      -0.15
  2016     2       0.53       0.87      -0.34
  2016     3       0.92       1.04      -0.12
  2016     4       0.86       0.74       0.11
  2016     5       0.50       0.81      -0.31
  2016     6       0.08       0.68      -0.60
  2016     7      -0.16       0.73      -0.89
  2016     8       0.20       0.50      -0.30
  2016     9      -0.03       0.60      -0.62
  2016    10      -0.03       0.42      -0.45
  2016    11      -0.04       0.33      -0.37
  2016    12       0.15       0.19      -0.05
  2017     1       0.05      -0.04       0.09
  2017     2       0.13       0.01       0.12
  2017     3       0.13      -0.19       0.32
  2017     4       0.30      -0.23       0.54
  2017     5       0.31      -0.18       0.49
  2017     6       0.33      -0.17       0.50
  2017     7       0.59      -0.01       0.60
  2017     8       0.62       0.04       0.57
  2017     9       0.49       0.34       0.15
  2017    10       0.43       0.26       0.17
  2017    11       0.28       0.24       0.04
  2017    12       0.01       0.01      -0.00
  2018     1      -0.25      -0.17      -0.08
  2018     2       0.13       0.12       0.01
  2018     3       0.01       0.18      -0.16
  2018     4       0.18       0.27      -0.09
  2018     5       0.16       0.18      -0.02
  2018     6       0.03       0.05      -0.02
  2018     7       0.00      -0.09       0.09
  2018     8       0.07      -0.02       0.09
  2018     9       0.34      -0.11       0.45
  2018    10       0.31      -0.27       0.58
  2018    11       0.44      -0.17       0.61
  2018    12       0.38      -0.04       0.42
  2019     1       0.44       0.06       0.38
  2019     2       0.41       0.07       0.34
  2019     3       0.30       0.14       0.16
  2019     4       0.50       0.31       0.19
  2019     5       0.63       0.05       0.59
  2019     6       0.58      -0.08       0.65
  2019     7       0.58      -0.13       0.71
  2019     8       0.54      -0.28       0.82
  2019     9       0.40      -0.54       0.94
  2019    10       0.77      -0.39       1.17
  2019    11       0.62      -0.22       0.84
  2019    12       0.55       0.58      -0.03
  2020     1       0.75       0.72       0.03
  2020     2       0.60       0.71      -0.11
  2020     3       0.65       0.66      -0.00
  2020     4       0.62       0.59       0.03
  2020     5       0.69       0.25       0.43
  2020     6       0.55       0.22       0.34
  2020     7       0.57       0.37       0.21
  2020     8       0.28       0.37      -0.10
  2020     9       0.14       0.34      -0.20
  2020    10       0.31       0.25       0.06
  2020    11       0.30       0.19       0.11
  2020    12       0.14       0.22      -0.08
  2021     1      -0.07      -0.00      -0.07
  2021     2       0.06       0.07      -0.01
  2021     3       0.14       0.08       0.05
  2021     4       0.02      -0.23       0.25
  2021     5      -0.01       0.07      -0.08
  2021     6      -0.03       0.11      -0.14
  2021     7       0.12       0.33      -0.20
  2021     8       0.22       0.33      -0.11
  2021     9       0.15       0.13       0.02
  2021    10       0.12       0.14      -0.01
  2021    11       0.21       0.19       0.02
  2021    12       0.11       0.33      -0.22
  2022     1       0.32       0.32      -0.00
  2022     2      -0.11       0.25      -0.36
  2022     3      -0.02       0.07      -0.09
  2022     4       0.13       0.31      -0.18
  2022     5       0.02       0.28      -0.26
  2022     6      -0.06       0.36      -0.42
  2022     7      -0.23       0.16      -0.39
  2022     8      -0.08       0.39      -0.48
  2022     9      -0.11       0.28      -0.39
  2022    10      -0.39       0.37      -0.76
  2022    11      -0.12       0.17      -0.29
  2022    12       0.00       0.05      -0.05
  2023     1      -0.14      -0.20       0.06
  2023     2      -0.22      -0.47       0.25
  2023     3       0.06      -0.21       0.27
  2023     4       0.43      -0.10       0.53
  2023     5       0.29      -0.15       0.44
  2023     6       0.40      -0.09       0.49
  2023     7       0.42      -0.03       0.46
  2023     8       0.61      -0.04       0.65
  2023     9       0.70      -0.24       0.94
  2023    10       0.71      -0.30       1.01
  2023    11       0.94       0.03       0.91
  2023    12       1.03       0.19       0.84
  2024     1       1.05       0.35       0.70
  2024     2       1.05       0.80       0.25
  2024     3       0.76       0.35       0.41
  2024     4       0.94       0.49       0.45
  2024     5       0.70       0.30       0.40
  2024     6       0.67       0.40       0.27
  2024     7       0.52       0.87      -0.35
  2024     8       0.61       0.68      -0.08
  2024     9       0.48       0.58      -0.10
  2024    10       0.42       0.70      -0.29
  2024    11       0.50       0.75      -0.25
  2024    12       0.04       0.31      -0.27
  2025     1      -0.10       0.23      -0.34
  2025     2       0.11      -0.02       0.14
  2025     3       0.20       0.16       0.04
  2025     4       0.41       0.38       0.03
  2025     5       0.46       0.08       0.38
  2025     6       0.28       0.22       0.06
  2025     7       0.32       0.38      -0.06
  2025     8       0.16       0.27      -0.11
  2025     9       0.11       0.41      -0.31
  2025    10      -0.07       0.49      -0.56
  2025    11      -0.14       0.31      -0.45
  2025    12       0.01       0.40      -0.39
  2026     1      -0.02       0.02      -0.05
  2026     2       0.17      -0.17       0.34
  2026     3       0.23      -0.02       0.25
  2026     4       0.50       0.21       0.29
  2026     5       0.26       0.42      -0.16
  2026     6       0.39       0.53      -0.14
  2026     7       0.68       0.39       0.29
  2026     8       0.71       0.04       0.68
